    |   0   1   2   3   4   5   6   7   8   9   a   b   c   d   e   f
 --------------------------------------------------------------------
  0 |  +8   0   0   0   0   0   0   0   0   0   0   0   0   0   0   0
  1 |   0   0  -2  +2   0   0  -2  +2   0   0  -2  +2   0   0  -2  -6
  2 |   0  +2  +2   0   0  +6  -2   0   0  -2  -2   0   0  +2  +2   0
  3 |   0  -2   0  -2   0  +2  +4  -2   0  +2  -4  -2   0  -2   0  -2
  4 |   0   0  +2  +2   0   0  -2  -2  +2  -2   0  -4  +2  -2  -4   0
  5 |   0  +4   0   0  +4   0   0   0  +2  +2  -2  +2  -2  -2  -2  +2
  6 |   0  +2   0  -2   0  -2   0  +2  -2   0  -2  -4  -2  +4  -2   0
  7 |   0  +2  -2   0  +4  +2  +2   0  -2   0  +4  -2  +2   0   0  -2
  8 |   0  +2  -2   0   0  -2  -2  -4  +2   0   0  -2  -2   0  +4  -2
  9 |   0  -2   0  +2   0  +2   0  -2  +2  +4  +2   0  -2  +4  -2   0
  a |   0   0  -4   0   0   0   0  -4  -2  -2  -2  +2  +2  +2  -2  +2
  b |   0   0  -2  -2   0   0  +2  +2  +6  -2   0   0  +2  +2   0   0
  c |   0  +2  +4  -2   0  -2   0  -2   0  +2   0  +2  +4  +2   0  -2
  d |   0  +2  -2  -4  -4  +2  -2   0   0  +2  +2   0   0  -2  -2   0
  e |   0   0  -2  +2   0   0  -2  +2   0  +4  -2  -2  +4   0  +2  +2
  f |   0  -4   0  -4  +4   0  -4   0   0   0   0   0   0   0   0   0

  0 1 2 3 4 5 6 7 8 9 a b c d e f
  0 4 8 c 2 5 9 

  0 -> 0  0 
  1 -> f  4 -
  2 -> 5  2
  3 -> 6  2
    -> a  2
  4 -> b  3 -
    -> e  3 -
  5 -> 1  1   +
    -> 4  1   +
  6 -> b  3
    -> d  3 -
  7 -> 4  1   +
    -> a  2
  8 -> 7  3 -
    -> e  3 -
  9 -> 9  2
    -> d  3 -
  a -> 2  1   +
    -> 7  3 -
  b -> 8  1   +
  c -> 2  1   +
    -> c  2
  d -> 3  2
    -> 4  1   +
  e -> 9  2
    -> c  2
  f -> 1  1   +
    -> 3  2  
    -> 4  1   +
    -> 6  2